PT Alphabet size: 26
CT Alphabet size: 83

PT: [7 4 11 11 14 22 14 17 11 3]
PT ASCII (+97): helloworld

CT: [50 66 5 48 62 13 75 29 24 61]
CT ASCII (+32): Rb%P^-k=8]

CT Base state: [0 1 2 3 4 5 6 7 8 9 10 11 12 13 14 15 16 17 18 19 20 21 22 23 24 25 26 27 28 29 30 31 32 33 34 35 36 37 38 39 40 41 42 43 44 45 46 47 48 49 50 51 52 53 54 55 56 57 58 59 60 61 62 63 64 65 66 67 68 69 70 71 72 73 74 75 76 77 78 79 80 81 82]
PT Base permutation: [76 26 38 3 59 16 44 33 41 79 40 35 75 60 51 32 10 8 80 65 29 81 82 36 9 43 31 12 18 37 49 39 25 1 11 28 30 42 6 5 13 50 78 73 70 58 69 53 4 24 46 61 57 21 74 47 19 66 63 77 55 27 7 45 64 54 0 23 72 17 67 52 48 22 68 15 34 20 71 14 56 62 2]

Starting DFS...
DFS finished in 0.056786 seconds after viewing 440201 triples.

Testing final plaintext permutations...

PT ASCII (+97): helloworld
CT ASCII (+32): Rb%P^-k=8]

Index 0 state [0 1 2 3 4 5 6 7 8 9 10 11 12 13 14 15 16 17 18 19 20 21 22 23 24 25 26 27 28 29 30 31 32 33 34 35 36 37 38 39 40 41 42 43 44 45 46 47 48 49 50 51 52 53 54 55 56 57 58 59 60 61 62 63 64 65 66 67 68 69 70 71 72 73 74 75 76 77 78 79 80 81 82]
+ PT 7 (h) = [76 26 38 3 59 16 44 33 41 79 40 35 75 60 51 32 10 8 80 65 29 81 82 36 9 43 31 12 18 37 49 39 25 1 11 28 30 42 6 5 13 50 78 73 70 58 69 53 4 24 46 61 57 21 74 47 19 66 63 77 55 27 7 45 64 54 0 23 72 17 67 52 48 22 68 15 34 20 71 14 56 62 2]
= CT 50 (R) = [50 26 38 3 59 16 44 33 41 79 40 35 75 60 51 32 10 8 80 65 29 81 82 36 9 43 31 12 18 37 49 39 25 1 11 28 30 42 6 5 13 76 78 73 70 58 69 53 4 24 46 61 57 21 74 47 19 66 63 77 55 27 7 45 64 54 0 23 72 17 67 52 48 22 68 15 34 20 71 14 56 62 2]

Index 1 state [50 26 38 3 59 16 44 33 41 79 40 35 75 60 51 32 10 8 80 65 29 81 82 36 9 43 31 12 18 37 49 39 25 1 11 28 30 42 6 5 13 76 78 73 70 58 69 53 4 24 46 61 57 21 74 47 19 66 63 77 55 27 7 45 64 54 0 23 72 17 67 52 48 22 68 15 34 20 71 14 56 62 2]
+ PT 4 (e) = [76 26 38 3 59 16 44 33 41 79 40 35 75 60 51 32 10 8 80 65 29 81 82 36 9 43 31 12 18 37 49 39 25 1 11 28 30 42 6 5 13 50 78 73 70 58 69 53 4 24 46 61 57 21 74 47 19 66 63 77 55 27 7 45 64 54 0 23 72 17 67 52 48 22 68 15 34 20 71 14 56 62 2]
= CT 66 (b) = [66 31 6 3 77 10 70 1 50 14 13 28 15 55 61 25 40 41 56 54 37 62 2 30 79 73 39 75 80 42 24 5 43 26 35 18 49 78 44 16 60 34 71 22 67 63 17 21 59 9 69 27 46 81 68 53 65 0 45 20 47 12 33 58 64 74 76 36 48 8 23 57 4 82 72 32 11 29 52 51 19 7 38]

Index 2 state [66 31 6 3 77 10 70 1 50 14 13 28 15 55 61 25 40 41 56 54 37 62 2 30 79 73 39 75 80 42 24 5 43 26 35 18 49 78 44 16 60 34 71 22 67 63 17 21 59 9 69 27 46 81 68 53 65 0 45 20 47 12 33 58 64 74 76 36 48 8 23 57 4 82 72 32 11 29 52 51 19 7 38]
+ PT 11 (l) = [76 26 38 3 59 16 44 33 41 79 40 35 75 60 51 32 10 8 80 65 29 81 82 36 9 43 31 12 18 37 49 39 25 1 11 28 30 42 6 5 13 50 78 73 70 58 69 53 4 24 46 61 57 21 74 47 19 66 63 77 55 27 7 45 64 54 0 23 72 17 67 52 48 22 68 15 34 20 71 14 56 62 2]
= CT 5 (%) = [5 0 44 3 20 40 67 26 46 51 60 18 32 47 27 43 13 50 19 74 42 7 38 49 14 22 72 15 56 78 9 16 73 31 28 80 24 71 70 10 55 11 52 82 23 45 8 81 77 79 17 12 69 62 39 21 54 76 58 29 53 75 1 63 64 68 34 30 4 41 36 66 59 2 48 25 35 37 57 61 65 33 6]

Index 3 state [5 0 44 3 20 40 67 26 46 51 60 18 32 47 27 43 13 50 19 74 42 7 38 49 14 22 72 15 56 78 9 16 73 31 28 80 24 71 70 10 55 11 52 82 23 45 8 81 77 79 17 12 69 62 39 21 54 76 58 29 53 75 1 63 64 68 34 30 4 41 36 66 59 2 48 25 35 37 57 61 65 33 6]
+ PT 11 (l) = [76 26 38 3 59 16 44 33 41 79 40 35 75 60 51 32 10 8 80 65 29 81 82 36 9 43 31 12 18 37 49 39 25 1 11 28 30 42 6 5 13 50 78 73 70 58 69 53 4 24 46 61 57 21 74 47 19 66 63 77 55 27 7 45 64 54 0 23 72 17 67 52 48 22 68 15 34 20 71 14 56 62 2]
= CT 48 (P) = [48 16 70 3 29 13 23 31 69 61 55 80 25 53 12 73 60 46 65 68 78 33 6 24 51 82 5 32 19 71 79 10 22 39 18 56 9 52 67 40 47 35 57 2 36 58 41 62 20 14 8 75 17 7 76 81 74 34 63 37 21 15 26 45 64 72 11 49 59 50 30 0 77 38 4 43 28 42 66 27 54 1 44]

Index 4 state [48 16 70 3 29 13 23 31 69 61 55 80 25 53 12 73 60 46 65 68 78 33 6 24 51 82 5 32 19 71 79 10 22 39 18 56 9 52 67 40 47 35 57 2 36 58 41 62 20 14 8 75 17 7 76 81 74 34 63 37 21 15 26 45 64 72 11 49 59 50 30 0 77 38 4 43 28 42 66 27 54 1 44]
+ PT 14 (o) = [76 26 38 3 59 16 44 33 41 79 40 35 75 60 51 32 10 8 80 65 29 81 82 36 9 43 31 12 18 37 49 39 25 1 11 28 30 42 6 5 13 50 78 73 70 58 69 53 4 24 46 61 57 21 74 47 19 66 63 77 55 27 7 45 64 54 0 23 72 17 67 52 48 22 68 15 34 20 71 14 56 62 2]
= CT 62 (^) = [62 10 67 3 37 60 36 39 17 27 47 56 43 21 75 22 55 69 54 72 71 1 44 9 61 2 16 25 65 52 14 40 82 5 80 19 79 57 23 13 53 28 66 38 30 63 50 7 29 51 41 15 8 33 34 4 68 11 45 42 81 32 31 58 64 48 35 24 77 46 49 76 20 6 59 73 18 78 0 12 74 26 70]

Index 5 state [62 10 67 3 37 60 36 39 17 27 47 56 43 21 75 22 55 69 54 72 71 1 44 9 61 2 16 25 65 52 14 40 82 5 80 19 79 57 23 13 53 28 66 38 30 63 50 7 29 51 41 15 8 33 34 4 68 11 45 42 81 32 31 58 64 48 35 24 77 46 49 76 20 6 59 73 18 78 0 12 74 26 70]
+ PT 22 (w) = [76 26 38 3 59 16 44 33 41 79 40 35 75 60 51 32 10 8 80 65 29 81 82 36 9 43 31 12 18 37 49 39 25 1 11 28 30 42 6 5 13 50 78 73 70 58 69 53 4 24 46 61 57 21 74 47 19 66 63 77 55 27 7 45 64 54 0 23 72 17 67 52 48 22 68 15 34 20 71 14 56 62 2]
= CT 13 (-) = [13 7 23 3 42 55 30 5 8 59 53 19 73 81 15 82 47 17 74 48 52 26 70 79 27 38 10 43 54 57 51 40 2 16 56 65 14 66 36 60 21 18 0 6 49 45 46 33 37 61 50 32 41 1 11 12 72 35 58 78 62 25 39 63 64 4 28 9 20 69 24 34 29 44 77 22 80 71 76 75 68 31 67]

Index 6 state [13 7 23 3 42 55 30 5 8 59 53 19 73 81 15 82 47 17 74 48 52 26 70 79 27 38 10 43 54 57 51 40 2 16 56 65 14 66 36 60 21 18 0 6 49 45 46 33 37 61 50 32 41 1 11 12 72 35 58 78 62 25 39 63 64 4 28 9 20 69 24 34 29 44 77 22 80 71 76 75 68 31 67]
+ PT 14 (o) = [76 26 38 3 59 16 44 33 41 79 40 35 75 60 51 32 10 8 80 65 29 81 82 36 9 43 31 12 18 37 49 39 25 1 11 28 30 42 6 5 13 50 78 73 70 58 69 53 4 24 46 61 57 21 74 47 19 66 63 77 55 27 7 45 64 54 0 23 72 17 67 52 48 22 68 15 34 20 71 14 56 62 2]
= CT 75 (k) = [75 33 36 3 78 47 49 16 41 77 21 65 22 62 32 2 53 8 68 4 57 31 67 14 12 6 40 73 74 66 61 13 38 10 19 54 51 0 30 55 81 80 76 44 24 58 69 1 42 27 46 25 50 26 35 60 48 28 63 71 7 43 5 45 64 59 18 79 29 17 9 11 37 70 20 82 56 52 34 15 72 39 23]

Index 7 state [75 33 36 3 78 47 49 16 41 77 21 65 22 62 32 2 53 8 68 4 57 31 67 14 12 6 40 73 74 66 61 13 38 10 19 54 51 0 30 55 81 80 76 44 24 58 69 1 42 27 46 25 50 26 35 60 48 28 63 71 7 43 5 45 64 59 18 79 29 17 9 11 37 70 20 82 56 52 34 15 72 39 23]
+ PT 17 (r) = [76 26 38 3 59 16 44 33 41 79 40 35 75 60 51 32 10 8 80 65 29 81 82 36 9 43 31 12 18 37 49 39 25 1 11 28 30 42 6 5 13 50 78 73 70 58 69 53 4 24 46 61 57 21 74 47 19 66 63 77 55 27 7 45 64 54 0 23 72 17 67 52 48 22 68 15 34 20 71 14 56 62 2]
= CT 29 (=) = [29 15 30 3 71 53 24 10 50 20 81 54 82 7 25 38 21 41 72 59 66 39 23 51 75 44 49 22 68 0 27 60 6 40 65 74 61 76 13 47 62 56 34 70 9 63 17 26 78 12 69 43 46 31 28 55 4 18 45 52 33 73 16 58 64 77 80 14 37 8 79 35 42 67 1 2 19 57 11 32 48 5 36]

Index 8 state [29 15 30 3 71 53 24 10 50 20 81 54 82 7 25 38 21 41 72 59 66 39 23 51 75 44 49 22 68 0 27 60 6 40 65 74 61 76 13 47 62 56 34 70 9 63 17 26 78 12 69 43 46 31 28 55 4 18 45 52 33 73 16 58 64 77 80 14 37 8 79 35 42 67 1 2 19 57 11 32 48 5 36]
+ PT 11 (l) = [76 26 38 3 59 16 44 33 41 79 40 35 75 60 51 32 10 8 80 65 29 81 82 36 9 43 31 12 18 37 49 39 25 1 11 28 30 42 6 5 13 50 78 73 70 58 69 53 4 24 46 61 57 21 74 47 19 66 63 77 55 27 7 45 64 54 0 23 72 17 67 52 48 22 68 15 34 20 71 14 56 62 2]
= CT 24 (8) = [24 37 49 3 52 21 9 40 46 29 62 74 2 33 43 6 81 50 48 77 0 5 36 61 15 70 18 82 72 76 12 55 44 13 54 68 27 34 60 53 7 19 11 67 79 45 8 31 71 75 17 73 69 39 32 47 59 80 58 57 1 22 10 63 64 20 56 51 42 41 14 28 78 23 26 38 65 66 35 25 4 16 30]

Index 9 state [24 37 49 3 52 21 9 40 46 29 62 74 2 33 43 6 81 50 48 77 0 5 36 61 15 70 18 82 72 76 12 55 44 13 54 68 27 34 60 53 7 19 11 67 79 45 8 31 71 75 17 73 69 39 32 47 59 80 58 57 1 22 10 63 64 20 56 51 42 41 14 28 78 23 26 38 65 66 35 25 4 16 30]
+ PT 3 (d) = [76 26 38 3 59 16 44 33 41 79 40 35 75 60 51 32 10 8 80 65 29 81 82 36 9 43 31 12 18 37 49 39 25 1 11 28 30 42 6 5 13 50 78 73 70 58 69 53 4 24 46 61 57 21 74 47 19 66 63 77 55 27 7 45 64 54 0 23 72 17 67 52 48 22 68 15 34 20 71 14 56 62 2]
= CT 61 (]) = [61 42 24 3 57 81 79 13 69 37 7 68 38 1 73 44 62 46 4 20 76 16 30 27 32 67 80 2 48 34 75 47 70 60 74 72 12 11 55 21 33 65 35 23 14 58 41 39 52 15 8 22 17 5 25 53 77 56 63 66 26 82 40 45 64 29 19 9 78 50 51 18 71 36 31 6 54 0 28 43 59 10 49]
