data
next
0.0
0.0
0.0
0.0
0.0
0.0
0.0
0.0
1.0
1.0
1.0
1.0
1.0
1.0
1.0
1.0
1.0
0.0
0.0
0.0
1.0
0.0
0.0
1.0
1.0
0.0
0.0
0.0
1.0
0.0
0.0
1.0
1.0
0.0
0.0
0.0
1.0
0.0
0.0
1.0
1.0
1.0
1.0
1.0
1.0
1.0
1.0
1.0
0.0
0.0
0.0
0.0
0.0
0.0
0.0
0.0
0.0
0.0
0.0
0.0
0.0
0.0
0.0
0.0
next
0.8983696096302837
1.1605049357961615E-5
0.02347934611123491
1.2261320422877952E-5
0.0011129368702622153
2.72260430559575E-6
0.024735984167439252
2.6464505716922106E-4
0.021305393737054677
2.1574769283192878E-4
next
1.0
0.0
0.0
0.0
0.0
0.0
0.0
0.0
0.0
0.0
data
next
0.0
0.0
0.0
0.0
0.0
0.0
0.0
0.0
0.0
0.0
0.0
0.0
0.0
0.0
0.0
0.0
0.0
0.0
0.0
0.0
0.0
0.0
0.0
0.0
1.0
1.0
1.0
1.0
1.0
0.0
0.0
0.0
1.0
0.0
0.0
0.0
1.0
0.0
0.0
0.0
1.0
0.0
0.0
0.0
1.0
0.0
0.0
0.0
1.0
1.0
1.0
1.0
1.0
1.0
1.0
1.0
0.0
0.0
0.0
0.0
0.0
0.0
0.0
0.0
next
5.2808929610976016E-9
7.05131612525443E-5
5.118952527893757E-6
0.08477283128720488
1.7590134571898502E-5
7.926148695734363E-4
1.1246124386172698E-9
0.02340669547477418
2.1182501965971127E-5
0.8693850017442079
next
0.0
1.0
0.0
0.0
0.0
0.0
0.0
0.0
0.0
0.0
data
next
0.0
0.0
0.0
0.0
0.0
0.0
0.0
0.0
0.0
0.0
0.0
0.0
0.0
0.0
0.0
0.0
0.0
0.0
0.0
0.0
0.0
0.0
0.0
0.0
0.0
0.0
0.0
0.0
0.0
0.0
0.0
0.0
0.0
1.0
1.0
1.0
1.0
1.0
1.0
1.0
0.0
0.0
0.0
0.0
0.0
0.0
0.0
0.0
0.0
0.0
0.0
0.0
0.0
0.0
0.0
0.0
0.0
0.0
0.0
0.0
0.0
0.0
0.0
0.0
next
0.03642687790837423
0.9754672021859417
1.3537110452849334E-6
2.1962742845125402E-5
0.006567271758571524
7.687789333837807E-4
9.613786729370746E-6
0.04570546711284711
1.4030459259267997E-6
0.002411469738489063
next
0.0
0.0
1.0
0.0
0.0
0.0
0.0
0.0
0.0
0.0
data
next
0.0
0.0
0.0
0.0
0.0
0.0
0.0
0.0
1.0
0.0
0.0
0.0
0.0
1.0
1.0
1.0
1.0
0.0
0.0
0.0
1.0
0.0
0.0
1.0
1.0
0.0
0.0
0.0
1.0
0.0
0.0
1.0
1.0
0.0
0.0
0.0
1.0
0.0
0.0
1.0
1.0
1.0
1.0
1.0
0.0
0.0
0.0
1.0
0.0
0.0
0.0
0.0
0.0
0.0
0.0
0.0
0.0
0.0
0.0
0.0
0.0
0.0
0.0
0.0
next
0.03353453217404156
4.5871562604395464E-8
0.9765439337448143
0.0031801619335761235
3.534947406387299E-6
4.162613621754838E-7
5.624032846066055E-4
0.01956102890376628
2.432078382112367E-4
3.455779729399832E-5
next
0.0
0.0
0.0
1.0
0.0
0.0
0.0
0.0
0.0
0.0
data
next
0.0
0.0
0.0
0.0
0.0
0.0
0.0
0.0
0.0
0.0
0.0
0.0
0.0
0.0
0.0
0.0
0.0
0.0
1.0
0.0
0.0
0.0
1.0
1.0
0.0
1.0
0.0
0.0
0.0
0.0
0.0
1.0
0.0
1.0
0.0
0.0
1.0
0.0
0.0
1.0
0.0
0.0
1.0
1.0
1.0
1.0
1.0
0.0
0.0
0.0
0.0
0.0
0.0
0.0
0.0
0.0
0.0
0.0
0.0
0.0
0.0
0.0
0.0
0.0
next
0.9230118589301787
0.0014842350567139148
0.002271430038229453
2.694207168017446E-5
2.9457524590422473E-6
0.0020269883992545296
0.0035764128995255206
1.2876862149626027E-4
7.473040218953718E-4
4.170356054797124E-5
next
0.0
0.0
0.0
0.0
1.0
0.0
0.0
0.0
0.0
0.0
data
next
0.0
0.0
0.0
0.0
0.0
0.0
0.0
0.0
0.0
0.0
0.0
0.0
0.0
0.0
0.0
0.0
0.0
1.0
1.0
1.0
1.0
1.0
1.0
0.0
0.0
1.0
0.0
1.0
0.0
0.0
1.0
0.0
0.0
1.0
0.0
1.0
0.0
0.0
1.0
0.0
0.0
0.0
0.0
1.0
1.0
1.0
1.0
0.0
0.0
0.0
0.0
0.0
0.0
0.0
0.0
0.0
0.0
0.0
0.0
0.0
0.0
0.0
0.0
0.0
next
2.141356610136784E-5
0.16340009221878574
1.3171968684726678E-6
7.127502422538616E-6
0.8824256338602476
1.0690065863706807E-6
0.0055303167874838745
0.0023620061789014347
5.293485704459532E-6
0.010137211152001762
next
0.0
0.0
0.0
0.0
0.0
1.0
0.0
0.0
0.0
0.0
data
next
0.0
0.0
0.0
0.0
0.0
0.0
0.0
0.0
0.0
0.0
0.0
0.0
0.0
0.0
0.0
0.0
1.0
1.0
1.0
1.0
1.0
1.0
1.0
0.0
1.0
0.0
1.0
0.0
0.0
0.0
1.0
0.0
1.0
0.0
1.0
0.0
0.0
0.0
1.0
0.0
1.0
1.0
1.0
1.0
1.0
1.0
1.0
0.0
0.0
0.0
0.0
0.0
0.0
0.0
0.0
0.0
0.0
0.0
0.0
0.0
0.0
0.0
0.0
0.0
next
0.0014412492556433202
0.014742947917029642
1.2479608779718862E-4
8.566902678284295E-5
0.8238630607018432
7.982203709249044E-7
1.4394621968515887E-4
0.13415613325755035
3.3804324199206327E-4
0.014702381988535611
next
0.0
0.0
0.0
0.0
0.0
0.0
1.0
0.0
0.0
0.0
data
next
0.0
0.0
0.0
0.0
0.0
0.0
0.0
0.0
0.0
0.0
0.0
0.0
0.0
0.0
0.0
0.0
0.0
1.0
0.0
1.0
1.0
1.0
1.0
0.0
0.0
1.0
0.0
1.0
0.0
0.0
1.0
0.0
0.0
1.0
0.0
1.0
0.0
0.0
1.0
0.0
0.0
1.0
1.0
0.0
0.0
0.0
1.0
0.0
0.0
0.0
0.0
0.0
0.0
0.0
0.0
0.0
0.0
0.0
0.0
0.0
0.0
0.0
0.0
0.0
next
2.6556440076530096E-5
0.6787751523060991
2.643566358792803E-7
3.946727962611023E-6
0.5130677928498799
6.912144320233042E-6
0.002542300348890578
0.0014996874660535464
5.10793547485881E-7
0.007130198489832238
next
0.0
0.0
0.0
0.0
0.0
0.0
0.0
1.0
0.0
0.0
data
next
30.259484193613133
23.49386849237206
23.46878169608674
23.46632605195816
23.454284724345545
23.43699396777096
23.418860099798334
23.401076686841016
23.383865533659147
23.367213925230484
23.351044586082075
23.33525591047777
23.319731999677174
23.30434386032686
23.288946620353222
23.27337385800098
23.25742902587164
23.240873349261488
23.223408988899426
23.204655532622414
23.18411694573763
23.161134943969046
23.134823516647216
23.103978855946185
23.066962302377657
23.021570879837455
22.964967861664636
22.89390268792353
22.805745737410177
22.70098856771135
22.586622490708542
22.47653656372015
22.38439812422993
22.313442643792364
22.25644334779331
22.205254982724075
22.153859587943074
22.09733477192278
22.032149123227214
21.955155407942293
21.86158667561698
21.74285026523803
21.584440076931664
21.367667753198937
21.08658437494913
20.770039612571164
20.442000763655823
20.0876359780978
19.69304382369837
19.268037972369516
18.8622201042011
18.526759912138328
18.26584678775601
18.042936973047382
17.817514382481754
17.578080403274953
17.332374231524053
17.067852789618577
16.799870740940648
16.575433901527123
16.409603992675297
16.177791858761992
15.949668127309593
15.841316443120018
15.642579044936353
15.510166043926834
15.401374980858613
15.286888803428372
15.161732805571688
15.017214259232105
14.85473041127237
14.672176910583243
14.45952394368083
14.210679758606785
13.9209950862604
13.593842720571708
13.248174846418072
12.900675808465948
12.565595043485864
12.215493291840831
11.855670570330481
11.486803936417212
11.082472158159337
10.66763944853665
10.28067272386218
10.014266114614381
9.403095331671267
9.13413212035224
8.937608836712661
8.616939180901232
8.333083122341346
7.993028565615008
7.444028499728918
6.898958667376712
6.907808454879191
6.3444483180015965
6.151244725988326
5.982497240410733
5.671152325425816
5.8531242353643735
5.38164989617043
5.402218754164166
5.237674271333123
5.12923706312677
5.04396618245205
4.854694149507127
4.877890640907158
4.740911384415483
4.746657576168689
4.55278802349587
4.47806134882642
4.383572117110465
4.273028659969634
4.163133485614333
4.091974465907695
3.9683993526529093
3.9754439260363954
3.9792547963177496
3.906812916772137
3.627802789535597
3.999780206072753
3.7163309758530723
3.113451055073934
2.784379520020116
2.6241105618969987
3.156972279326669
3.2301733425078063
4.109849527200517
6.627957349502097
6.774185683942174
6.0474029866065475
4.255162741618335
5.21367050021904
3.418497548798724
2.555454286634783
2.558774795343028
2.4210680403904314
4.912051915142787
2.0695449849530787
1.768468113213047
1.8167773257400597
1.5374969882654221
1.982375361068769
1.5606134224085555
1.5045448940751163
1.4601108986759996
1.4359367180052813
1.4128807238970587
1.3739784101241415
1.2370910178952554
1.1858470905892604
1.1376368600517581
1.08972873325817
1.0421639652083123
0.9971311415164781
0.9546643787464739
0.9205216935940529
0.8954382145339544
0.8792492746822026
0.8594845427629604
0.834735704465336
0.8057600491538763
0.8350357432070644
1.179190129399089
1.5990406294252173
1.7716664162026292
1.4051073992934593
0.922359910916967
0.8182171991196066
0.7398743173096858
0.7193351815174284
0.7008746091671324
0.6892589745357116
0.6612339308008279
0.638356302317631
0.6313067700971757
0.6763400884967019
0.6235266272802996
0.6367484887213029
0.6365623763042043
0.5451780118328335
0.5240382973345459
0.5143257710773871
0.530722596351743
0.4926718904545001
0.47359854186335965
0.4426354716389837
0.4369622051368106
0.418655597610298
0.41345570018532235
0.39996161902862193
0.3948478184575297
0.3836713129385699
0.37873388304032185
0.36892138768432514
0.36418321881253113
0.3553184959430879
0.3507427732466302
0.34263995613075793
0.3381799699655051
0.330767982468801
0.3263963585548078
0.3196533703867977
0.3153642920017056
0.30927051976744513
0.30507009863846385
0.2995826190255831
0.295481906087127
0.29053237261461917
0.2865450367166896
0.28205116440702876
0.278192405785311
0.2740725732673658
0.2703572158931394
0.26654128477094063
0.26298112114881084
0.2594149471111062
0.25601650549929555
0.252661137382139
0.24942499251643013
0.24625320107682677
0.24317495590564375
0.24016739728908196
0.23723951274279856
0.23438168650440258
0.2315952140475612
0.22887546556414937
0.22622121467119632
0.2236295943298934
0.22109873572837158
0.21862641405554437
0.21621071271827572
0.2138496966619935
0.21154155884727957
0.2092845478400161
0.20707699418080838
0.20491729394022656
0.2028039106834705
0.20073537013953344
0.1987102580186363
0.196727216844601
0.19478494336856744
0.19288218597197673
0.19101774225952128
0.1891904567618038
0.18739921876467774
0.18564296025050273
0.18392065394730575
0.18223131147901117
0.18057398161122762
0.17894774858714288
0.17735173054847636
0.17578507803670965
0.17424697257011623
0.17273662529235836
0.17125327568868517
0.16979619036598156
0.16836466189315455
0.1669580076985337
0.16557556902116985
0.1642167099130901
0.16288081628974094
0.16156729502601422
0.16027557309540041
0.1590050967499557
0.15775533073890788
0.15652575756384474
0.15531587676855443
0.15412520426169557
0.15295327167057907
0.1517996257244441
0.1506638276657019
0.14954545268771038
0.14844408939772144
0.14735933930372241
0.14629081632396554
0.1452381463180431
0.14420096663843884
0.1431789257015353
0.14217168257712187
0.1411789065954981
0.14020027697131487
0.13923548244334827
0.1382842209294379
0.1373461991958698
0.13642113254051885
0.13550874448910194
0.13460876650393094
0.13372093770458404
0.13284500459994442
0.13198072083108592
0.13112784692451065
0.13028615005526958
0.1294554038195212
0.12863538801610402
0.12782588843672463
0.12702669666437638
0.12623760987962948
0.12545843067444457
0.12468896687318594
0.12392903136051878
0.12317844191589611
0.12243702105435202
0.12170459587333177
0.12098099790530287
0.12026606297590225
0.11955963106738761
0.1188615461871689
0.11817165624121016
0.11748981291209801
0.1168158715415853
0.11614969101742367
0.11549113366431166
0.11484006513878875
0.1141963543279139
0.11355987325158029
0.11293049696831169
0.11230810348440919
0.11169257366630711
0.11108379115601455
0.11048164228951884
0.10988601601803319
0.10929680383197703
0.10871389968758208
0.10813719993602101
0.10756660325496017
0.10700201058244437
0.1064433250530197
0.10589045193601263
0.1053432985758798
0.10480177433455033
0.10426579053568463
0.10373526041077805
0.10321009904703725
0.1026902233369663
0.10217555192959428
0.10166600518328743
0.10116150512008272
0.10066197538148995
0.10016734118570636
0.09967752928619254
0.09919246793155954
0.0987120868267192
0.09823631709525338
0.09776509124295565
0.09729834312250486
0.0968360078992305
0.09637802201792825
0.09592432317069229
0.09547485026572487
0.09502954339709038
0.09458834381538098
0.09415119389926138
0.09371803712786168
0.09328881805398978
0.09286348227813561
0.09244197642323783
0.09202424811018918
0.09161024593405406
0.09119991944097491
0.09079321910574266
0.09039009631001198
0.08999050332113578
0.08959439327160179
0.08920172013904888
0.08881243872684565
0.08842650464521201
0.08804387429286506
0.08766450483917476
0.08728835420680957
0.08691538105485973
0.08654554476241912
0.08617880541261481
0.08581512377706638
0.08545446130076453
0.08509678008735345
0.08474204288480557
0.08439021307147647
0.08404125464252629
0.08369513219669873
0.08335181092344544
0.08301125659038479
0.0826734355310848
0.08233831463316237
0.08200586132668561
0.08167604357287396
0.0813488298530835
0.08102418915807241
0.0807020909775355
0.08038250528990107
0.08006540255238231
0.07975075369127554
0.0794385300924981
0.07912870359235889
0.0788212464685548
0.07851613143138687
0.07821333161518902
0.07791282056996433
0.07761457225322159
0.07731856102200865
0.07702476162513396
0.07673314919557368
0.07644369924305806
0.07615638764683176
0.07587119064858391
0.07558808484554318
0.07530704718373268
0.0750280549513808
0.07475108577248424
0.07447611760051788
0.0742031287122884
0.07393209770192774
0.07366300347502183
0.07339582524287244
0.07313054251688687
0.07286713510309388
0.07260558309678067
0.07234586687724939
0.07208796710268912
0.07183186470516018
0.07157754088568906
0.07132497710946893
0.071074155101166
0.07082505684032549
0.07057766455687817
0.07033196072674208
0.07008792806751912
0.06984554953428201
0.06960480831545193
0.06936568782876236
0.06912817171730737
0.06889224384567381
0.06865788829615327
0.06842508936503322
0.06819383155896429
0.06796409959140369
0.06773587837913016
0.06750915303883169
0.06728390888376141
0.06706013142046283
0.06683780634555986
0.06661691954261285
0.0663974570790372
0.06617940520308312
0.06596275034087656
0.06574747909351825
0.06553357823424068
0.06532103470562012
0.0651098356168447
0.0648999682410352
0.06469142001261796
0.06448417852474952
0.06427823152679041
0.06407356692182813
0.06387017276424772
0.06366803725734849
0.06346714875100683
0.06326749573938305
0.06306906685867193
0.06287185088489541
0.06267583673173724
0.062481013448418526
0.062287370217611604
0.062094896353394796
0.061903581299243324
0.061713414626058845
0.06152438603023413
0.061336485331754065
0.06114970247233167
0.0609640275135768
0.06077945063519991
0.0605959621332475
0.060413552418369015
0.06023221201411618
0.06005193155527183
0.05987270178620931
0.05969451355928045
0.05951735783323304
0.059341225671655985
0.05916610824145166
0.058991996811335635
0.05881888275036251
0.05864675752647776
0.05847561270509414
0.058305439947693875
0.058136231010454655
0.05796797774289899
0.057800672086567334
0.057634306073714156
0.05746887182602527
0.0573043615533586
0.05714076755250519
0.05697808220597171
0.05681629798078357
0.056655407427307944
0.05649540317809719
0.056336277946750606
0.05617802452679653
0.056020635790591834
0.0558641046882407
0.05570842424653046
0.0555535875678856
0.05539958782933904
0.055246418281519286
0.05509407224765591
0.05494254312259951
0.05479182437185884
0.05464190953065279
0.0544927922029784
0.054344466060693285
0.05419692484261289
0.054050162353623095
0.05390417246380537
0.05375894910757767
0.053614486282847824
0.05347077805018059
0.05332781853197816
0.053185601911673534
0.05304412243293589
0.052903374398889834
0.05276335217134532
0.0526240501700406
0.052485462871896406
0.05234758481028228
0.05221041057429357
0.05207393480803996
0.05193815220994487
0.05180305753205577
0.05166864557936475
0.05153491120913966
0.051401849330265176
0.05126945490259452
0.05113772293631001
0.05100664849129426
0.050876226676509824
0.05074645264938935
0.050617321615233794
0.050488828826620064
0.05036096958281779
0.05023373922921403
0.05010713315674732
0.049981146801349484
0.04985577564339592
0.04973101520716382
0.04960686106029885
0.04948330881328881
0.04936035411894545
0.049237992671894146
0.04911622020807018
0.04899503250422298
0.04887442537742737
0.048754394684601604
0.04863493632203263
0.048516046224908016
0.04839772036685468
0.048279954759483906
0.04816274545194333
0.04804608853047482
0.04792998011797881
0.047814416373585
0.04769939349222865
0.04758490770423293
0.047470955274897884
0.04735753250409382
0.047244635725861496
0.04713226130801731
0.04702040565176407
0.04690906519130751
0.04679823639347729
0.04668791575735423
0.046578099813901874
0.04646878512560357
0.04635996828610417
0.046251645919857004
0.046143814681775426
0.04603647125688907
0.04592961236000482
0.04582323473537257
0.0457173351563552
0.04561191042510291
0.04550695737223254
0.04540247285651041
0.04529845376454
0.04519489701045345
0.04509179953560731
0.04498915830828226
0.04488697032338704
0.04478523260216575
0.0446839421919098
0.04458309616567277
0.04448269162198988
0.0443827256846004
0.04428319550217435
0.044184098248041835
0.04408543111992719
0.04398719133968545
0.04388937615304266
0.04379198282933972
0.04369500866127931
0.043598450964675954
0.04350230707820966
0.04340657436318245
0.04331125020327803
0.0432163320043245
0.04312181719406045
0.04302770322190324
0.04293398755872113
0.04284066769660763
0.042747741148659084
0.04265520544875472
0.042563058151339754
0.042471296831211175
0.042379919083305816
0.04228892252249199
0.042198304783362395
0.042108063520030985
0.04201819640593122
0.041928701133617484
0.04183957541456901
0.04175081697899535
0.04166242357564545
0.04157439297161838
0.041486722952176154
0.04139941132055945
0.041312455897805314
0.04122585452256705
0.04113960505093604
0.04105370535626646
0.040968153329001306
0.040882946876500924
0.040798083922873624
0.04071356240880839
0.04062938029140906
0.04054553554403142
0.04046202615612125
0.04037885013305501
0.04029600549598224
0.04021349028166955
0.04013130254234693
0.04004944034555546
0.03996790177399706
0.039886684925386065
0.03980578791230205
0.03972520886204516
0.039644945916492695
0.03956499723195693
0.039485360979045675
0.039406035342523606
0.03932701852117529
0.03924830872767022
0.03916990418842904
0.03909180314349139
0.03901400384638541
0.038936504563998546
0.03885930357645004
0.03878239917696478
0.03870578967174841
0.03862947337986436
0.038553448633111664
0.03847771377590481
0.038402267165154214
0.03832710717014886
0.03825223217243943
0.038177640565723654
0.03810333075573216
0.03802930116011597
0.03795555020833521
0.03788207634154922
0.037808878012507555
0.03773595368544249
0.037663301835962705
0.037590920950947765
0.03751880952844448
0.037446966077563766
0.037375389118378795
0.0373040771818246
0.03723302880959851
0.03716224255406164
0.03709171697814129
0.03702145065523538
0.036951442169116354
0.03688169011383757
0.03681219309363989
0.036742949722859755
0.03667395862583757
0.03660521843682812
0.03653672779991084
0.036468485368902
0.03640048980726706
0.036332739788034675
0.03626523399371111
0.03619797111619561
0.03613094985669711
0.036064168925651306
0.03599762704263882
0.035931322936304404
0.03586525534427659
0.03579942301308885
0.03573382469810081
0.03566845916342084
0.03560332518182929
0.035538421534702415
0.03547374701193735
0.03540930041187792
0.03534508054124054
0.035281086215041835
0.03521731625652643
0.03515376949709568
0.03509044477623703
0.03502734094145423
0.03496445684819818
0.034901791359798685
0.034839343347396544
0.034777111689876586
0.03471509527380165
0.03465329299334651
0.03459170375023326
0.034530326453666944
0.034469160020271866
0.03440820337402865
0.0343474554462118
0.03428691517532822
0.034226581507055966
0.03416645339418377
0.034106529796551224
0.03404680968098962
0.03398729202126311
0.03392797579801087
0.033868859998689424
0.033809943617515825
0.03375122565541139
0.0336927051199458
0.033634381025281976
0.03357625239212137
0.03351831824764991
0.03346057762548438
0.03340302956561938
0.03334567311437466
0.03328850732434335
0.03323153125434035
0.03317474396935133
0.03311814454048216
0.03306173204490916
0.03300550556582945
0.032949464192411806
0.032893607019748215
0.03283793314880615
0.032782441686380275
0.03272713174504599
0.03267200244311223
0.03261705290457569
0.03256228225907458
0.03250768964184373
0.03245327419366941
0.03239903506084487
0.03234497139512638
0.03229108235368971
0.03223736709908661
0.03218382479920245
0.0321304546272134
0.03207725576154469
0.03202422738582909
0.031971368688865597
0.03191867886457862
0.0318661571119777
0.03181380263511745
0.03176161464305774
0.031709592349824595
0.03165773497437137
0.031606041740539985
0.031554511877022885
0.03150314461732515
0.03145193919972722
0.0314008948672474
0.03135001086760546
0.03129928645318606
0.03124872088100256
0.031198313412661573
0.031148063314327026
0.031097969856685694
0.03104803231491184
0.030998249968633214
0.03094862210189655
0.030899148003134105
0.030849826965129862
0.030800658284986387
0.03075164126409212
0.030702775208088447
0.03065405942683772
0.03060549323439102
0.03055707594895651
0.030508806892868057
0.03046068539255406
0.03041271077850651
0.030364882385250536
0.03031719955131394
0.030269661619197363
0.03022226793534436
0.03017501785011191
0.030127910717741214
0.03008094589632886
0.03003412274779788
0.029987440637869324
0.029940898936034303
0.029894497015525656
0.029848234253290723
0.029802110029963316
0.02975612372983707
0.029710274740838004
0.029664562454498188
0.029618986265928824
0.029573545573794414
0.029528239780286316
0.02948306829109728
0.029438030515395758
0.029393125865800385
0.029348353758355004
0.029303713612503737
0.029259204851066357
0.02921482690021355
0.029170579189443088
0.029126461151555174
0.029082472222629142
0.029038611841999556
0.028994879452232756
0.02895127449910367
0.028907796431572833
0.028864444701763487
0.028821218764938893
0.028778118079479973
0.028735142106862975
0.028692290311637555
0.028649562161404647
0.028606957126795063
0.02856447468144779
0.028522114301988696
0.028479875468009397
0.028437757662046433
0.028395760369560295
0.02835388307891483
0.028312125281356966
0.028270486470996337
0.028228966144785123
0.028187563802498303
0.02814627894671378
0.02810511108279278
0.028064059718860505
0.028023124365786842
0.027982304537167175
0.02794159974930365
0.027901009521186158
0.027860533374473792
0.027820170833476522
0.02777992142513656
0.027739784679010532
0.027699760127251234
0.02765984730458981
0.027620045748318132
0.027580354998271044
0.027540774596809033
0.027501304088801075
0.02746194302160724
0.02742269094506174
0.027383547411456263
0.027344511975522998
0.02730558419441821
0.0272667636277057
0.027228049837340413
0.027189442387652477
0.027150940845330877
0.027112544779407766
0.027074253761242482
0.02703606736450591
0.026997985165165
0.02696000674146737
0.026922131673925875
0.026884359545303525
0.026846689940598453
0.026809122447028957
0.026771656654018698
0.026734292153181818
0.02669702853830876
0.026659865405351497
0.02662280235240927
0.02658583897971436
0.026548974889618028
0.02651220968657637
0.02647554297713655
0.02643897436992304
0.026402503475623715
0.026366129906976617
0.02632985327875625
0.026293673207760247
0.026257589312796276
0.026221601214668735
0.02618570853616577
0.026149910902046363
0.026114207939027405
0.02607859927577099
0.026043084542871915
0.02600766337284496
0.025972335400112446
0.025937100260991965
0.025901957593684185
0.025866907038260514
0.02583194823665115
0.02579708083263317
0.025762304471818598
0.025727618801642423
0.02569302347135133
0.025658518131991704
0.025624102436398212
0.02558977603918254
0.025555538596721942
0.0255213897671479
0.02548732921033509
0.025453356587890174
0.025419471563140943
0.02538567380112537
0.025351962968580624
0.02531833873393257
0.02528480076728492
0.025251348740408578
0.025217982326731468
0.025184701201327774
0.025151505040907674
0.02511839352380725
0.025085366329977953
0.025052423140976814
0.025019563639956235
0.02498678751165412
0.024954094442383785
0.024921484120024415
0.024888956234011092
0.024856510475325246
0.02482414653648505
0.024791864111535875
0.02475966289604074
0.02472754258707104
0.024695502883197325
0.02466354348447977
0.0246316640924592
0.02459986441014793
0.024568144142020718
0.024536502994005772
0.024504940673475962
0.024473456889239627
0.02444205135153228
0.024410723772007502
0.024379473863728452
0.024348301341159232
0.024317205920156446
0.024286187317960572
0.024255245253187726
0.024224379445821228
0.024193589617203325
0.02416287549002695
0.02413223678832761
0.024101673237475335
0.02407118456416649
0.024040770496415842
0.024010430763548706
0.02398016509619302
0.02394997322627144
0.023919854886993754
0.02388980981284906
0.023859837739598176
0.023829938404265914
0.023800111545133836
0.023770356901732362
0.02374067421483374
0.023711063226444434
0.023681523679797766
0.023652055319346776
0.02362265789075703
0.023593331140899173
0.02356407481784221
0.023534888670846153
0.023505772450354956
0.02347672590798982
0.023447748796542094
0.023418840869966377
0.023390001883373732
0.02336123159302498
0.023332529756323838
0.023303896131810428
0.023275330479154397
0.02324683255914845
0.023218402133701983
0.023190038965834252
0.023161742819668135
0.02313351346042369
0.023105350654411775
0.02307725416902781
0.02304922377274529
0.02302125923510978
0.02299336032673265
0.02296552681928489
0.022937758485491063
0.02291005509912323
