000000000000000000000000000000000000000000000000000000000000000000000000000000000000000000000000000000000001100000000000000000000000000000000000000000000000000000000000000000000000000000000000000000000000000000000000
000000000000000000000000000000000000000000000000000000000000000000000000000000000000000000000000000000000011110000000000000000000000000000000000000000000000000000000000000000000000000000000000000000000000000000000000
000000000000000000000000000000000000000000000000000000000000000000000000000000000000000000000000000000000111010000000000000000000000000000000000000000000000000000000000000000000000000000000000000000000000000000000000
000000000000000000000000000000000000000000000000000000000000000000000000000000000000000000000000000000001110011100000000000000000000000000000000000000000000000000000000000000000000000000000000000000000000000000000000
000000000000000000000000000000000000000000000000000000000000000000000000000000000000000000000000000000011110111000000000000000000000000000000000000000000000000000000000000000000000000000000000000000000000000000000000
000000000000000000000000000000000000000000000000000000000000000000000000000000000000000000000000000000111100001011000000000000000000000000000000000000000000000000000000000000000000000000000000000000000000000000000000
000000000000000000000000000000000000000000000000000000000000000000000000000000000000000000000000000001111011100100000000000000000000000000000000000000000000000000000000000000000000000000000000000000000000000000000000
000000000000000000000000000000000000000000000000000000000000000000000000000000000000000000000000000001111000000111100000000000000000000000000000000000000000000000000000000000000000000000000000000000000000000000000000
000000000000000000000000000000000000000000000000000000000000000000000000000000000000000000000000000000011110100110000000000000000000000000000000000000000000000000000000000000000000000000000000000000000000000000000000
000000000000000000000000000000000000000000000000000000000000000000000000000000000000000000000000001101110000000011101100000000000000000000000000000000000000000000000000000000000000000000000000000000000000000000000000
000000000000000000000000000000000000000000000000000000000000000000000000000000000000000000000000000000101100101101000000000000000000000000000000000000000000000000000000000000000000000000000000000000000000000000000000
000000000000000000000000000000000000000000000000000000000000000000000000000000000000000000000000110111100000000001111011000000000000000000000000000000000000000000000000000000000000000000000000000000000000000000000000
000000000000000000000000000000000000000000000000000000000000000000000000000000000000000000000000000001100110110011100000000000000000000000000000000000000000000000000000000000000000000000000000000000000000000000000000
000000000000000000000000000000000000000000000000000000000000000000000000000000000000000000000010101111000000000000111101010000000000000000000000000000000000000000000000000000000000000000000000000000000000000000000000
000000000000000000000000000000000000000000000000000000000000000000000000000000000000000000000000000011110100100101110000000000000000000000000000000000000000000000000000000000000000000000000000000000000000000000000000
000000000000000000000000000000000000000000000000000000000000000000000000000000000000000000001101110110000000000000011011101100000000000000000000000000000000000000000000000000000000000000000000000000000000000000000000
000000000000000000000000000000000000000000000000000000000000000000000000000000000000000000000000000110111011110110011000000000000000000000000000000000000000000000000000000000000000000000000000000000000000000000000000
000000000000000000000000000000000000000000000000000000000000000000000000000000000000000000110111011100000000000000001110111011000000000000000000000000000000000000000000000000000000000000000000000000000000000000000000
000000000000000000000000000000000000000000000000000000000000000000000000000000000000000000000000001011001011100101110100000000000000000000000000000000000000000000000000000000000000000000000000000000000000000000000000
000000000000000000000000000000000000000000000000000000000000000000000000000000000000000011011100101000000000000000000101001110110000000000000000000000000000000000000000000000000000000000000000000000000000000000000000
000000000000000000000000000000000000000000000000000000000000000000000000000000000000000000000000011101101101011000111010000000000000000000000000000000000000000000000000000000000000000000000000000000000000000000000000
000000000000000000000000000000000000000000000000000000000000000000000000000000000000001011100111110000000000000000000011111001110100000000000000000000000000000000000000000000000000000000000000000000000000000000000000
000000000000000000000000000000000000000000000000000000000000000000000000000000000000000000000000111100011110101001001101000000000000000000000000000000000000000000000000000000000000000000000000000000000000000000000000
000000000000000000000000000000000000000000000000000000000000000000000000000000000000010111010110100000000000000000000001011010111010000000000000000000000000000000000000000000000000000000000000000000000000000000000000
000000000000000000000000000000000000000000000000000000000000000000000000000000000000000000000001110111100101101101010110100000000000000000000000000000000000000000000000000000000000000000000000000000000000000000000000
000000000000000000000000000000000000000000000000000000000000000000000000000000000011011101001111000000000000000000000000111111010010110000000000000000000000000000000000000000000000000000000000000000000000000000000000
000000000000000000000000000000000000000000000000000000000000000000000000000000000000000000000010111010110111010111100101110000000000000000000000000000000000000000000000000000000000000000000000000000000000000000000000
000000000000000000000000000000000000000000000000000000000000000000000000000000001101010111110110000000000000000000000000011001111110101100000000000000000000000000000000000000000000000000000000000000000000000000000000
000000000000000000000000000000000000000000000000000000000000000000000000000000000000000000000111011101011101101101011011101000000000000000000000000000000000000000000000000000000000000000000000000000000000000000000000
000000000000000000000000000000000000000000000000000000000000000000000000000000010101111010111100000000000000000000000000001110101111101010000000000000000000000000000000000000000000000000000000000000000000000000000000
000000000000000000000000000000000000000000000000000000000000000000000000000000000000000000001101110101111001011110101110111100000000000000000000000000000000000000000000000000000000000000000000000000000000000000000000
000000000000000000000000000000000000000000000000000000000000000000000000000011011110101101101000000000000000000000000000000111011001011110110000000000000000000000000000000000000000000000000000000000000000000000000000
000000000000000000000000000000000000000000000000000000000000000000000000000000000000000000011110110101001101100100101101101110000000000000000000000000000000000000000000000000000000000000000000000000000000000000000000
000000000000000000000000000000000000000000000000000000000000000000000000001101011101101111010000000000000000000000000000000010111101101110101100000000000000000000000000000000000000000000000000000000000000000000000000
000000000000000000000000000000000000000000000000000000000000000000000000000000000000000000111011010011101001001111010111011101000000000000000000000000000000000000000000000000000000000000000000000000000000000000000000
000000000000000000000000000000000000000000000000000000000000000000000000010110010010111011100000000000000000000000000000000001110111010010011010000000000000000000000000000000000000000000000000000000000000000000000000
000000000000000000000000000000000000000000000000000000000000000000000000000000000000000001101110101001100111101010011101101110100000000000000000000000000000000000000000000000000000000000000000000000000000000000000000
000000000000000000000000000000000000000000000000000000000000000000000011101101110011101101000000000000000000000000000000000000101101110011101101110000000000000000000000000000000000000000000000000000000000000000000000
000000000000000000000000000000000000000000000000000000000000000000000000000000000000000011110101110111010111001110111010111001010000000000000000000000000000000000000000000000000000000000000000000000000000000000000000
000000000000000000000000000000000000000000000000000000000000000000001010111110101100111010000000000000000000000000000000000000010111001101111101010100000000000000000000000000000000000000000000000000000000000000000000
000000000000000000000000000000000000000000000000000000000000000000000000000000000000000110111010111010011010110111010011010110111000000000000000000000000000000000000000000000000000000000000000000000000000000000000000
000000000000000000000000000000000000000000000000000000000000000000110111001001011011010100000000000000000000000000000000000000001010110110010010111011000000000000000000000000000000000000000000000000000000000000000000
000000000000000000000000000000000000000000000000000000000000000000000000000000000000001011001011110010111101010110010111101010111100000000000000000000000000000000000000000000000000000000000000000000000000000000000000
000000000000000000000000000000000000000000000000000000000000000011011101101110101010111000000000000000000000000000000000000000000111010111011101001110110000000000000000000000000000000000000000000000000000000000000000
000000000000000000000000000000000000000000000000000000000000000000000000000000000000011101101010011011001001011011011001001011001110000000000000000000000000000000000000000000000000000000000000000000000000000000000000
000000000000000000000000000000000000000000000000000000000000001101101110101101101101010000000000000000000000000000000000000000000010101101011011011101101100000000000000000000000000000000000000000000000000000000000000
000000000000000000000000000000000000000000000000000000000000000000000000000000000000111100100111010010011110101010010011110101110011000000000000000000000000000000000000000000000000000000000000000000000000000000000000
000000000000000000000000000000000000000000000000000000000000110110100110111010110100100000000000000000000000000000000000000000000001001001110101111001011011000000000000000000000000000000000000000000000000000000000000
000000000000000000000000000000000000000000000000000000000000000000000000000000000001011001010011001111010100111001111010100111001110100000000000000000000000000000000000000000000000000000000000000000000000000000000000
000000000000000000000000000000000000000000000000000000000011011101011010110110111011000000000000000000000000000000000000000000000000110101101101110110101110110000000000000000000000000000000000000000000000000000000000
000000000000000000000000000000000000000000000000000000000000000000000000000000000011101101010111010111011101011100100111101011011101110000000000000000000000000000000000000000000000000000000000000000000000000000000000
000000000000000000000000000000000000000000000000000000001101110101110110111001101010000000000000000000000000000000000000000000000000010101110011011011101011101100000000000000000000000000000000000000000000000000000000
000000000000000000000000000000000000000000000000000000000000000000000000000000000100111100111011101011101001101011001110101110100111001000000000000000000000000000000000000000000000000000000000000000000000000000000000
000000000000000000000000000000000000000000000000000000110111011100100111010110101100000000000000000000000000000000000000000000000000001110101101011001001110111011000000000000000000000000000000000000000000000000000000
000000000000000000000000000000000000000000000000000000000000000000000000000000001010101101101000101111001011110101011100111110011010110100000000000000000000000000000000000000000000000000000000000000000000000000000000
000000000000000000000000000000000000000000000000000011011011101010110110111010111000000000000000000000000000000000000000000000000000000111010111011011010101110110110000000000000000000000000000000000000000000000000000
000000000000000000000000000000000000000000000000000000000000000000000000000000010110101011101110101001101100100101110011100100101011110110000000000000000000000000000000000000000000000000000000000000000000000000000000
000000000000000000000000000000000000000000000000001101110101011011101010100111010000000000000000000000000000000000000000000000000000000010111001010010110111011011101100000000000000000000000000000000000000000000000000
000000000000000000000000000000000000000000000000000000000000000000000000000000111101101110010010011101001001111010111001010111011010011101000000000000000000000000000000000000000000000000000000000000000000000000000000
000000000000000000000000000000000000000000000000110111001010110111011011010100100000000000000000000000000000000000000000000000000000000001001010110101101110110100111011000000000000000000000000000000000000000000000000
000000000000000000000000000000000000000000000000000000000000000000000000000001110011011100101101001100111101010011100101111001011110100111100000000000000000000000000000000000000000000000000000000000000000000000000000
000000000000000000000000000000000000000000000010111010101101101011110101011011000000000000000000000000000000000000000000000000000000000000110110101011010111101101010111010000000000000000000000000000000000000000000000
000000000000000000000000000000000000000000000000000000000000000000000000000010101110101110111010111001011101011101110111010111011101011100110000000000000000000000000000000000000000000000000000000000000000000000000000
000000000000000000000000000000000000000000001101110101101011101101010110101010000000000000000000000000000000000000000000000000000000000000010101011111011010101011010011101100000000000000000000000000000000000000000000
000000000000000000000000000000000000000000000000000000000000000000000000000110110111010111010011010110001110101110100011101011101001101011011000000000000000000000000000000000000000000000000000000000000000000000000000
000000000000000000000000000000000000000000110111101000110111001001111011100100000000000000000000000000000000000000000000000000000000000000001001110110010011110001101101111011000000000000000000000000000000000000000000
000000000000000000000000000000000000000000000000000000000000000000000000001111011101011110010111101010111010111100101000101111001011110101111100000000000000000000000000000000000000000000000000000000000000000000000000
000000000000000000000000000000000000000011011101011010111101101110101110111000000000000000000000000000000000000000000000000000000000000000000111011011011101010101111110101110110000000000000000000000000000000000000000
000000000000000000000000000000000000000000000000000000000000000000000000011101101101010011011001001011011010100110110110101001101100100101110110000000000000000000000000000000000000000000000000000000000000000000000000
000000000000000000000000000000000000000101110101110110101101101110011101010000000000000000000000000000000000000000000000000000000000000000000010101011011100111101011011101011101000000000000000000000000000000000000000
000000000000000000000000000000000000000000000000000000000000000000000000111101110100111010010011110101001001110100100010011101001001111010100111000000000000000000000000000000000000000000000000000000000000000000000000
000000000000000000000000000000000000011011011100100111010110111010110110100000000000000000000000000000000000000000000000000000000000000000000001011101110101101110101001001110110110000000000000000000000000000000000000
000000000000000000000000000000000000000000000000000000000000000000000001011011101010011001111010100111010100110011110101001100111101010011101011100000000000000000000000000000000000000000000000000000000000000000000000
000000000000000000000000000000000011010111101010110110111010110101110101000000000000000000000000000000000000000000000000000000000000000000000000101011101011011101110011010101111010110000000000000000000000000000000000
000000000000000000000000000000000000000000000000000000000000000000000010111010111011101011100111101011101101101011101110101110011101110101110011010000000000000000000000000000000000000000000000000000000000000000000000
000000000000000000000000000000000110111001011011101010110111101101011110000000000000000000000000000000000000000000000000000000000000000000000000011110101101110101101101110110100111011000000000000000000000000000000000
000000000000000000000000000000000000000000000000000000000000000000000101011101011101001101011001110101110101110101110100110101101110100110101100101000000000000000000000000000000000000000000000000000000000000000000000
000000000000000000000000000000111001101010110111011011000111010110101100000000000000000000000000000000000000000000000000000000000000000000000000001111011010110110001110111010101011100111000000000000000000000000000000
000000000000000000000000000000000000000000000000000000000000000000001101100101111001011110101011110111100110010111100101111010101100101111010101110100000000000000000000000000000000000000000000000000000000000000000000
000000000000000000000000000011010101101001101011110101010110111010111000000000000000000000000000000000000000000000000000000000000000000000000000000101010111011010101011110110100110101010110000000000000000000000000000
000000000000000000000000000000000000000000000000000000000000000000010110110101001101100100101111010100110111010100110110010010110110110010010110011010000000000000000000000000000000000000000000000000000000000000000000
000000000000000000000000001010100111011011101110111001001010100111010000000000000000000000000000000000000000000000000000000000000000000000000000000010111001010010010111011101101110111001010100000000000000000000000000
000000000000000000000000000000000000000000000000000000000000000000111011010011101001001111010101001110100101001110100100111101010100100111101011011101000000000000000000000000000000000000000000000000000000000000000000
000000000000000000000000111011011001011010100111101101110011010100100000000000000000000000000000000000000000000000000000000000000000000000000000000001001010111011100001011011100101101110110111000000000000000000000000
000000000000000000000000000000000000000000000000000000000000000001110110101001100111101010011110100110011110100110011110101001110011110101001110110111100000000000000000000000000000000000000000000000000000000000000000
000000000000000000000000110111010110101110110011110101101011011011000000000000000000000000000000000000000000000000000000000000000000000000000000000000110110110101100110101111001101110110111011000000000000000000000000
000000000000000000000000000000000000000000000000000000000000000010111010111011101011111010111011101011100111101011101110101110011101011101110101110010010000000000000000000000000000000000000000000000000000000000000000
000000000000000000001101011101011101101011011110110010111010110110000000000000000000000000000000000000000000000000000000000000000000000000000000000000011011010111011101101001111011110111010100101100000000000000000000
000000000000000000000000000000000000000000000000000000000000000101011101011101001101011101011101001101011001110101110100110101101110101110100110101101111000000000000000000000000000000000000000000000000000000000000000
000000000000000000110110110111001001110011010011010110101110101100000000000000000000000000000000000000000000000000000000000000000000000000000000000000001101011101011001110011001011001101110010111011000000000000000000
000000000000000000000000000000000000000000000000000000000000001101100101111011011110000101111001011110101011010111100101111010110010111100101111010101011100000000000000000000000000000000000000000000000000000000000000
000000000000000001101110111010101101101010111010110101101010111000000000000000000000000000000000000000000000000000000000000000000000000000000000000000000111010101101101101001011101101110101010111101100000000000000000
000000000000000000000000000000000000000000000000000000000000011010110101001101100100110101001101100100101111011100110110010010111010100110110010010110111110000000000000000000000000000000000000000000000000000000000000
000000000000000101011011010110111010101001110110111010110111010000000000000000000000000000000000000000000000000000000000000000000000000000000000000000000010111011011010101001110110110101101101110110101000000000000000
000000000000000000000000000000000000000000000000000000000000111101010011101001001111010011101001001111010101001110100100111101001001110100100111101011001111000000000000000000000000000000000000000000000000000000000000
000000000000101101100110101101110110110111010110110111010110100000000000000000000000000000000000000000000000000000000000000000000000000000000000000000000001011010110110110111010110101011011110111001101101000000000000
000000000000000000000000000000000000000000000000000000000001111010111011101011100111110101110111010111001111010111011111101011101110111101011101110101110010100000000000000000000000000000000000000000000000000000000000
000000000011101011001110011010111101010011101101010100111011000000000000000000000000000000000000000000000000000000000000000000000000000000000000000000000000110111001101010011101101000110101110111100110101110000000000
000000000000000000000000000000000000000000000000000000000010011101011101001101011010111010111010011010110011101011101001110101110100101110101110100110101101110000000000000000000000000000000000000000000000000000000000
000000001011001010011100111011010101101010111011011010101110000000000000000000000000000000000000000000000000000000000000000000000000000000000000000000000000011101010101101010111011001110110101101110010100110100000000
000000000000000000000000000000000000000000000000000000000111100101111001011110101011101011110010111101010000101111001000010111100101101010111100101111010111011000000000000000000000000000000000000000000000000000000000
000000110110111001011010101001001110111001100101001110101100000000000000000000000000000000000000000000000000000000000000000000000000000000000000000000000000001101011110111001100101001010010011010110100111011011000000
000000000000000000000000000000000000000000000000000000001010110101001101100100101101101010011011001001011110101001101111010100110110011010100110110010010110111100000000000000000000000000000000000000000000000000000000
000011101011011101001111010100111010101110101110110010111000000000000000000000000000000000000000000000000000000000000000000000000000000000000000000000000000000111010011011101011101010101001110111100101110110101110000
000000000000000000000000000000000000000000000000000000011011010011101001001111010100100111010010011110101010011101001001001110100100101001110100100111101010101110000000000000000000000000000000000000000000000000000000
001101110101100101100101101110100101101100101100101101010000000000000000000000000000000000000000000000000000000000000000000000000000000000000000000000000000000010101101001101001101101001011101101001101001101011101100
000000000000000000000000000000000000000000000000000000111101101001100111101010011101010011001111010100111101001100111110100110011110110100110011110101001110011111000000000000000000000000000000000000000000000000000000
111111111111111111111111111111111111111111111111111111111111111111111111111111111111111111111111111111111111111111111111111111111111111111111111111111111111111111111111111111111111111111111111111111111111111111111111
